check_list_1(1)=0;
check_list_2(1)=0;
closed_list(1)=0;

map=[0 0 0 0 0;
     0 0 0 0 0;
     0 0 0 0 0;
     0 0 0 0 0;
     0 0 0 0 0];
 
 obstcal=