map = [0,0,0,0,0,0,0;0,0,1,1,1,0,0;0,0,0,0,1,0,0;0,0,0,0,1,0,0;0,0,1,1,1,0,0;0,0,0,0,0,0,0]
start_point=[4 2];
end_point=[3 7];