R=2;
L=0.5;
Km=0.1;
Kemf=0.1;
Kf=0.2;
J=0.02;