M1=2;                           %   kg
M2=2;
V1=1;                           %   m/s
V2=0;
V11=(V1*(M1-M2)+2*M2*V2)/(M1+M2)
V22=(V2*(M2-M1)+2*M1*V1)/(M1+M2)